364583333 107069 80035529
939392929 111077 840913901
1059869771 100103 558724919
1136264281 117257 653702969
322751389 106489 154595909
707568431 129881 697130921
260383703 117179 208116107
767865719 106097 415859153
507606487 129083 349159707
725756023 108721 385048369
631455107 107323 511983307
504694873 103981 327106193
549170821 122891 494417027
665293799 121991 631010711
333618881 125947 32535283
452033821 125473 36245473
360508691 125959 229141951
361012963 128897 141030273
562162597 111637 131377933
1135651667 115055 1002379391
711448807 121847 359977943
441871621 106817 98588513
621882841 122663 244843727
582359077 112103 415252487
841900909 121591 757012627
845539909 115707 499927543
522272321 112477 476670013
166687117 108947 84549083
1132155923 130859 583921859
429112339 105359 282861191
1387383757 112685 275578085
1069092169 117781 148353421
801947309 115417 96274693
519210823 121745 194829937
432133633 116955 103381447
120076043 112237 34209493
555824779 109577 344192513
620830993 111061 231133321
200668331 105139 25371259
552018199 131441 303575561
513321167 106147 451234043
643369871 113321 279181577
240983989 100277 35744813
1399173133 117995 599005435
484365223 107377 166815313
268305371 102229 18912565
395882579 129253 221087989
833704309 130297 583994473
273263911 118019 42637979
1102665653 132457 344746393